0.0005278002086857
0.0027892652332236
0.1367033787344611
0.0928291668488633
0.1641736933385510
0.0109596677971817
0.0166845595933630
0.0035582251267117
0.1232385758678202
0.0079050804139237
0.0146393176141105
0.0001572936540414
0.0002619998203089
0.0001809067543578
3.5834711568798099
0.7819398418336456
9.0042163012450604
9.0043613451589586
0.3463500354806686
0.9038085221677090
-77.9375179363528332
0.0000102362368578
0.9992703497081075
0.0363593546645792
0.0256093502532498
120.0000000000000000
0.0073260647032962
0.0054724794527269
9.0045192198909358
0.0002329395318551
0.9387013858037058
0.4933859783671309
0.4803033190526462
0.0078026527720843
0.0881246308866288
0.0049425730498517
0.0009162725731625
0.9628424470260155
0.0000007384992601
0.0000026274227233
0.7805926258951065
